EG/2018/1621    5.78    3.36    0.72    6.50
EG/2018/1729   9.27    4.16    18.52   7.48
EG/2018/1977   10.58   14.05   1.39    30.65
EG/2018/1008   5.03    5.24    17.59   40.74
EG/2018/1283   2.43    12.80   16.56   37.30
EG/2018/1632   6.46    14.07   9.43    48.07
EG/2018/1471   11.70   14.83   5.90    1.72
EG/2018/1224   9.92    8.47    0.59    17.78
EG/2018/1740   4.38    14.15   18.08   9.24
EG/2018/1535   13.10   4.65    1.44    39.21
EG/2018/1789   10.85   7.42    5.69    22.59
EG/2018/1628   12.37   6.39    19.43   37.96
EG/2018/1705   3.52    13.20   3.94    36.73
EG/2018/1459   14.83   9.41    13.94   46.83
EG/2018/1867   10.87   14.68   2.17    4.49
EG/2018/1581   12.50   14.77   18.07   40.80
EG/2018/1493   14.30   14.47   15.73   13.21
EG/2018/1828   0.94    1.70    11.01   36.65
EG/2018/1570   4.40    7.23    2.22    43.92
EG/2018/1299   3.57    8.01    2.06    8.75
EG/2018/1091   3.33    3.37    13.58   20.13
EG/2018/1669   12.62   6.60    15.29   49.64
EG/2018/1635   10.37   0.81    1.14    43.24
EG/2018/1643   6.01    10.95   11.23   7.85
EG/2018/1821   5.00    8.89    19.37   30.60
EG/2018/1563   10.26   14.50   3.05    20.07
EG/2018/1153   14.46   14.88   1.91    2.73
EG/2018/1521   1.63    11.67   5.80    31.94
EG/2018/1764   2.04    1.86    7.43    11.50
EG/2018/1709   13.94   2.26    8.76    2.54
EG/2018/1922   2.60    5.50    6.93    38.59
EG/2018/1259   1.86    0.14    11.55   13.41
EG/2018/1902   4.95    4.53    10.58   27.93
EG/2018/1452   14.57   5.29    18.52   15.31
EG/2018/1212   5.63    3.63    6.47    7.47
EG/2018/1840   9.34    2.82    2.51    3.20
EG/2018/1888   11.16   11.86   14.28   44.64
EG/2018/1509   14.78   3.31    9.06    18.09
EG/2018/1566   12.25   6.52    3.66    11.37
EG/2018/1612   12.83   2.80    11.80   14.88
EG/2018/1799   5.24    14.89   13.72   22.87
EG/2018/1480   11.35   13.78   3.09    0.84
EG/2018/1768   1.38    6.78    14.94   44.36
EG/2018/1306   9.87    11.54   18.13   23.16
EG/2018/1787   8.05    7.50    8.05    28.79
EG/2018/1932   0.48    4.60    2.17    49.73
EG/2018/1029   12.74   10.21   19.53   4.23
EG/2018/1134   13.27   3.57    12.12   45.11
EG/2018/1433   2.45    13.24   1.97    18.59
EG/2018/1979   8.32    7.47    5.09    24.75
EG/2018/1594   7.46    9.74    1.54    31.89
EG/2018/1837   3.02    2.05    10.31   29.03
EG/2018/1658   2.62    10.18   1.14    12.61
EG/2018/1940   14.38   6.48    1.04    12.12
EG/2018/1656   4.46    10.21   0.81    6.24
EG/2018/1397   7.10    14.76   10.62   37.27
EG/2018/1105   0.93    9.60    18.70   43.25
EG/2018/1064   2.77    12.55   10.23   36.09
EG/2018/1373   5.67    3.59    14.77   27.46
EG/2018/1113   13.15   2.37    9.63    19.67
EG/2018/1600   5.85    14.49   16.00   40.65
EG/2018/1395   2.03    14.91   19.63   42.37
EG/2018/1237   5.96    8.36    7.51    48.15
EG/2018/1250   4.84    12.12   13.16   0.32
EG/2018/1606   9.57    6.21    6.49    21.55
EG/2018/1986   13.17   3.27    5.73    6.04
EG/2018/1235   5.11    10.22   5.52    5.50
EG/2018/1714   14.84   5.48    17.80   9.50
EG/2018/1093   6.24    5.29    3.72    40.44
EG/2018/1341   6.53    1.77    0.56    49.92
EG/2018/1325   5.01    7.88    9.87    10.71
EG/2018/1972   11.24   7.94    14.93   13.55
EG/2018/1941   14.62   2.76    2.21    14.77
EG/2018/1281   14.78   10.86   5.43    19.23
EG/2018/1081   2.36    6.43    8.20    45.81
EG/2018/1775   4.85    13.22   19.59   49.20
EG/2018/1256   13.68   1.25    19.73   45.56
EG/2018/1107   7.79    7.73    18.44   36.08
EG/2018/1712   10.55   5.89    1.74    28.91
EG/2018/1887   7.06    8.60    2.15    33.43
EG/2018/1089   11.56   6.92    7.13    9.25
EG/2018/1266   1.88    0.39    1.28    42.70
EG/2018/1618   10.63   2.92    3.50    1.40
EG/2018/1430   2.81    6.29    3.38    34.86
EG/2018/1449   6.11    1.78    15.03   33.90
EG/2018/1886   1.76    4.07    0.93    37.85
EG/2018/1542   11.09   1.94    7.52    11.76
EG/2018/1592   10.29   0.57    10.01   46.30
EG/2018/1681   3.05    13.87   17.32   14.16
EG/2018/1179   8.67    6.87    18.21   22.77
EG/2018/1384   4.11    9.58    11.87   41.94
EG/2018/1725   14.23   7.03    13.75   42.52
EG/2018/1874   12.27   5.69    19.25   46.41
EG/2018/1895   7.02    5.40    14.08   37.29
EG/2018/1451   12.23   5.27    3.20    31.32
EG/2018/1419   14.88   3.69    7.74    16.60
EG/2018/1905   2.00    12.70   6.72    31.11
EG/2018/1686   3.10    14.76   18.51   8.80
EG/2018/1642   8.89    6.89    5.04    34.03
EG/2018/1744   12.84   6.43    1.12    2.20